0.5 0.158402771124 0.560370160372 1.65476464028
1.0 0.0766782511822 0.265596952201 0.739445709889
1.5 0.0517550685098 0.174398949634 0.486783721616
2.0 0.0379554728901 0.13015049437 0.356408383698
2.5 0.0308231046023 0.10453529034 0.285833876546
3.0 0.0254972440114 0.0862241077881 0.236456815013
3.5 0.0220854260368 0.0742115712394 0.204348250698
4.0 0.0191842158956 0.0649165936109 0.17790404642
4.5 0.0170592656304 0.0572847383929 0.157864587734
5.0 0.0155315206846 0.0523444772581 0.142786250833
