0.5 0.0552974506084 0.194657618009 0.534559495962
1.0 0.0273274761438 0.0966245060358 0.256918792958
1.5 0.0190487048031 0.0654587565927 0.17999447554
2.0 0.0141358415176 0.0472794624972 0.130226644564
2.5 0.0115959068439 0.038084839242 0.101558180353
3.0 0.00973516021578 0.0331474448615 0.0889501662464
3.5 0.00842663639374 0.0275621972433 0.0743150475433
4.0 0.00729332802025 0.0242032976103 0.0651274057782
4.5 0.00637475877581 0.02139755484 0.0580948573154
5.0 0.00570025600323 0.0189836714373 0.052623839122
